image: map6.pgm
resolution: 0.050000
origin: [8.16192517514196E-12, 1.07956846779918E-12, 0.000000]
negate: 0
occupied_thresh: 0.65
free_thresh: 0.196

